Gossiper
UI port is 8003 
Gossip address is 127.0.0.1:5003 
Gossip name is C 
Gossip peers are 127.0.0.1:5004 
Simple mode is false 
AntiEntropy Value is 10 
Route timer value is 1 
GUI Port is 127.0.0.1:8080 
Start Query for the keywords a,n with budget 8 
a,n
8
Common search with budget  8
Handle Search Request
Search  a,n
[]
Query Register ID 0 
Receive Receive Reply from B to C 
Receive reply fromm B with 0 results 
Receive Receive Reply from E to C 
Receive reply fromm E with 0 results 
Receive Receive Reply from D to C 
Receive reply fromm D with 0 results 
Receive Receive Reply from A to C 
Receive reply fromm A with 2 results 
Shaokang.png
FOUND match Shaokang.png at A metafile=2571718c9d1d4bbe9807df21f0dd84209d36b418ea15ca350c258495cdbe474d chunks=1,2,3,4,5,6,7,8,9,10,11,12,13,14,15,16,17,18,19,20,21,22,23,24,25,26,27,28,29,30,31,32,33,34,35,36,37,38,39,40,41,42,43,44,45,46,47,48,49,50,51,52,53,54,55,56,57,58,59,60,61,62,63,64,65,66,67,68,69,70,71,72,73,74,75,76,77,78,79,80,81,82,83,84,85,86,87,88,89,90,91,92,93,94,95,96,97,98,99,100,101,102,103,104,105,106,107,108,109,110,111,112 
QishanWang.png
FOUND match QishanWang.png at A metafile=469403655c3a182a6b7856052a2428ebd24fede9e39b6cb428c21b8a0c222cc4 chunks=1,2,3,4,5,6,7,8,9,10,11,12,13,14,15,16,17,18,19,20,21,22,23,24,25,26,27,28,29,30,31,32,33,34,35,36,37,38,39,40,41,42,43,44,45,46,47,48,49,50,51,52,53,54,55,56,57,58,59,60,61,62,63,64,65,66,67,68,69,70,71,72,73,74,75,76,77,78,79,80,81,82,83,84,85,86,87,88,89,90,91,92,93,94,95,96,97,98,99,100,101,102,103,104,105,106,107,108,109,110,111,112,113,114,115,116,117,118,119,120,121,122,123,124,125,126,127,128,129,130,131,132,133,134,135,136,137,138,139,140,141,142,143,144,145,146,147,148,149,150,151,152,153,154,155,156,157,158,159,160,161,162,163,164,165,166,167,168,169,170,171,172,173,174,175,176,177,178 
Shaokang.png
FOUND match Shaokang.png at A metafile=2571718c9d1d4bbe9807df21f0dd84209d36b418ea15ca350c258495cdbe474d chunks=1,2,3,4,5,6,7,8,9,10,11,12,13,14,15,16,17,18,19,20,21,22,23,24,25,26,27,28,29,30,31,32,33,34,35,36,37,38,39,40,41,42,43,44,45,46,47,48,49,50,51,52,53,54,55,56,57,58,59,60,61,62,63,64,65,66,67,68,69,70,71,72,73,74,75,76,77,78,79,80,81,82,83,84,85,86,87,88,89,90,91,92,93,94,95,96,97,98,99,100,101,102,103,104,105,106,107,108,109,110,111,112 
QishanWang.png
FOUND match QishanWang.png at A metafile=469403655c3a182a6b7856052a2428ebd24fede9e39b6cb428c21b8a0c222cc4 chunks=1,2,3,4,5,6,7,8,9,10,11,12,13,14,15,16,17,18,19,20,21,22,23,24,25,26,27,28,29,30,31,32,33,34,35,36,37,38,39,40,41,42,43,44,45,46,47,48,49,50,51,52,53,54,55,56,57,58,59,60,61,62,63,64,65,66,67,68,69,70,71,72,73,74,75,76,77,78,79,80,81,82,83,84,85,86,87,88,89,90,91,92,93,94,95,96,97,98,99,100,101,102,103,104,105,106,107,108,109,110,111,112,113,114,115,116,117,118,119,120,121,122,123,124,125,126,127,128,129,130,131,132,133,134,135,136,137,138,139,140,141,142,143,144,145,146,147,148,149,150,151,152,153,154,155,156,157,158,159,160,161,162,163,164,165,166,167,168,169,170,171,172,173,174,175,176,177,178 
SEARCH FINISH
Query Unregister ID 0 
